4 0.622073 0.432149 0.032836 0.033138
4 0.792047 0.386788 0.023178 0.023903
0 0.685330 0.481856 0.087884 0.043459
0 0.892969 0.429704 0.074364 0.036940
2 0.743276 0.403086 0.053117 0.034767
0 0.691608 0.375380 0.038631 0.016297
0 0.604206 0.400913 0.056980 0.024989
0 0.198585 0.577466 0.128447 0.072794
0 0.377251 0.544329 0.105268 0.057584
0 0.389323 0.495980 0.081124 0.040200
0 0.243976 0.515265 0.087884 0.051608
0 0.290816 0.477238 0.075330 0.037484
0 0.329929 0.448446 0.058912 0.027705
0 0.407190 0.458768 0.058912 0.026619